0.87894475	0.206236	0.06741544
0.69080436	0.07843862	0.067608334
0.85048825	0.24690112	0.07005484
0.8558089	0.31859922	0.08694618
0.8277555	0.42316884	0.06743636
0.93485796	0.42838693	0.08972101
0.47846994	0.12279771	0.06774742
0.4897867	0.13097419	0.07198305
0.49920562	0.13378248	0.07355707
0.2587472	0.10948989	0.09578796
0.05810169	0.049314898	0.046841808
0.47482106	0.13883732	0.07225906
0.48195907	0.1366888	0.07058073
0.480804	0.13712358	0.07006522
0.49943063	0.14197087	0.07289076
0.48887983	0.14150584	0.07339831
0.42713916	0.13076878	0.07325879
0.91225123	0.39286876	0.081606254
0.8780482	0.4151541	0.06807376
0.869701	0.2965312	0.11372701
0.8319056	0.18604723	0.07298534
0.91647744	0.21904649	0.09762089
0.9269661	0.22843406	0.100425854
0.9292767	0.21729106	0.09194874
0.9353578	0.21797729	0.10876788
0.93040794	0.22676918	0.10885005
0.9224874	0.23126164	0.111805126
0.91384774	0.18099318	0.08124169
0.8817194	0.16994163	0.07387309
0.8528097	0.28751191	0.11442606
0.90021795	0.38722306	0.06629966
0.8397329	0.36454612	0.09373457
0.40933377	0.103723586	0.066510856
0.4922332	0.13540524	0.07104054
0.49272826	0.14588034	0.06701007
0.48051783	0.14387344	0.071179785
0.4899178	0.14015637	0.07421176
0.49254963	0.14264831	0.069824666
0.48027742	0.13878454	0.070192546
0.49509373	0.14000206	0.0738456
0.49263614	0.15005036	0.069744244
0.060064044	0.056240335	0.050293405
0.797317	0.06442573	0.051084332
0.9238257	0.073242314	0.061725598
0.9298506	0.086535715	0.061339937
0.9227884	0.07411347	0.05812572
0.8445499	0.0693485	0.066813976
0.8734151	0.060438216	0.05271544
0.8089646	0.06555935	0.061255846
0.69453955	0.1319637	0.048259925
0.064021945	0.05377488	0.05199068
0.11368797	0.08212142	0.078219384
0.5035525	0.14747429	0.07285192
0.5080625	0.1496458	0.07079763
0.49945378	0.15937446	0.073780246
0.5072754	0.15768576	0.07396029
0.5062316	0.15571429	0.07347382
0.50161636	0.15346096	0.0709849
0.50397426	0.16375113	0.077067025
0.49799526	0.1570152	0.07409096
0.5070548	0.15899242	0.07596731
0.48226768	0.14234544	0.07343342
0.50478363	0.15780948	0.07417205
0.50079787	0.14962003	0.07490425
0.49271718	0.1554293	0.07327184
0.50061905	0.15123188	0.07211817
0.49015027	0.15290551	0.07060677
0.50143635	0.15383445	0.076013036
0.49043736	0.14488848	0.07120672
0.4976293	0.15538831	0.07164746
0.49105716	0.1497317	0.07174876
0.49476442	0.14878592	0.07164838
0.48376358	0.1439894	0.072752684
0.50344336	0.15649644	0.0856063
0.49836957	0.14210083	0.09253637
0.508702	0.143212	0.090861
0.50961375	0.14299281	0.0740116
0.48916176	0.13887115	0.076022126
0.49649876	0.14559153	0.0738874
0.4991479	0.14548811	0.0725362
0.4992367	0.14803919	0.08041474
0.49624366	0.14190127	0.065055005
0.48530537	0.1403632	0.073701374
0.49920762	0.14638166	0.07064926
0.4999901	0.14114785	0.07314238
0.50243175	0.14379011	0.070971124
0.47745088	0.14105737	0.07146424
0.5103527	0.14758992	0.073948644
0.49905407	0.14292416	0.07336464
0.50787467	0.14394093	0.07152277
0.5110274	0.14377715	0.071246386
0.49733177	0.14069931	0.07341597
0.5070011	0.14186077	0.07237377
0.50371414	0.14391367	0.07228515
0.5017173	0.14645924	0.072817005
0.5130944	0.15326424	0.07148318
0.49974266	0.14910842	0.07318993
0.4994875	0.14685814	0.074702114
0.5069195	0.14960901	0.07410411
0.49966705	0.1436089	0.07321056
0.49221113	0.1452084	0.07139974
0.5030976	0.15084845	0.07328984
0.48723868	0.15182073	0.07536253
0.49233437	0.15638731	0.07357907
0.4897226	0.15136878	0.07289868
0.49283373	0.1526606	0.0728614
0.48990697	0.15347552	0.07536324
0.4891073	0.14625593	0.0719724
0.48853967	0.15134986	0.071512446
0.51481336	0.14803694	0.0720278
0.50307477	0.15282334	0.07294698
0.5089468	0.1509125	0.07328292
0.4997853	0.14777388	0.072918884
0.50261676	0.14736165	0.07410114
0.5059422	0.1500723	0.07494788
0.49365616	0.14754443	0.06930556
0.49577495	0.14930616	0.07323618
0.51085764	0.1456507	0.075457685
0.5013288	0.14915588	0.114356406
0.51664585	0.1513938	0.07258306
0.5136286	0.14983663	0.07279781
0.5083206	0.15186591	0.07323733
0.50163424	0.15723817	0.07319921
0.48584232	0.15202776	0.070135236
0.5107646	0.15054376	0.07333525
0.49765635	0.14235654	0.07325911
0.49852622	0.15296006	0.0722525
0.49948025	0.14634798	0.07246765
0.50784796	0.14382796	0.075137064
0.502254	0.14902103	0.072602265
0.50079906	0.15049413	0.07464648
0.5135172	0.15652639	0.07276159
0.5067575	0.16277042	0.075926125
0.5036305	0.15892443	0.07562424
0.49893793	0.1561071	0.07330393
0.50319904	0.1604578	0.076061234
0.4951016	0.15531401	0.07325693
0.5043373	0.1533659	0.07269847
0.501505	0.15515287	0.073503144
0.50311583	0.15235637	0.07115055
0.4771071	0.14681333	0.075315505
0.49684492	0.1460586	0.07323773
0.506493	0.15716007	0.07290781
0.49717346	0.15318713	0.071394615
0.49145937	0.15874563	0.07367647
0.48923454	0.15279163	0.0776827
0.4992472	0.16112009	0.080093525
0.49619886	0.1587417	0.07707244
0.50718784	0.15807714	0.07442284
0.48313436	0.1604954	0.07781408
0.49064448	0.15501213	0.07657192
0.50886744	0.15912317	0.07719857
0.48747647	0.1637222	0.08024878
0.5054347	0.16094013	0.078673795
0.47703204	0.16661279	0.078875035
0.4719109	0.1569508	0.07398069
0.44603187	0.14183928	0.07674496
0.8613864	0.3835257	0.073913336
0.86792797	0.42381674	0.08600502
0.82616603	0.30625173	0.07169893
0.92714643	0.3231438	0.08591575
0.9093045	0.33788934	0.07431588
0.9018378	0.31670928	0.07203847
0.9066608	0.30844066	0.07641539
0.9045	0.32793275	0.07627333
0.9067189	0.3328276	0.081474245
0.9064981	0.3513037	0.0788047
0.9071867	0.31123653	0.12403533
0.86234754	0.42243904	0.07993077
0.8559626	0.37834898	0.07510503
0.43059754	0.12534495	0.08779319
0.47861367	0.16804469	0.08261418
0.4848885	0.16375028	0.08002737
0.49286512	0.15671752	0.07969775
0.25619006	0.10827993	0.0968899
0.072860904	0.054910325	0.054401428
0.49230742	0.15735888	0.08009806
0.9242937	0.44676495	0.17886609
0.8220002	0.4037646	0.09918973
0.8297577	0.4142803	0.06649096
0.9103319	0.27451077	0.11277131
0.9074512	0.33310938	0.07015367
0.91642326	0.31561556	0.07269659
0.9296933	0.32493904	0.07224232
0.9202606	0.3406349	0.07855298
0.91404057	0.34180516	0.08008274
0.91867614	0.33527368	0.08014578
0.9189901	0.37728444	0.08013523
0.9179505	0.37233812	0.0793665
0.9172703	0.3579591	0.080318294
0.91630584	0.35316095	0.07940017
0.9153159	0.3519949	0.080917686
0.91930974	0.3513112	0.08065136
0.9140397	0.3644476	0.08365216
0.91610837	0.34806496	0.080748744
0.91411567	0.32569155	0.08294298
0.9156091	0.33939493	0.08295398
0.9194489	0.33983684	0.084991805
0.91798246	0.35342178	0.084103055
0.91686594	0.34943482	0.08285645
0.91982377	0.34173834	0.08416588
0.9211268	0.3412762	0.08302856
0.91721636	0.35308242	0.08373476
0.9187739	0.35802868	0.08280609
0.9200767	0.35415754	0.08324593
0.917063	0.32644525	0.08277593
0.9160531	0.3352959	0.08327556
0.91738343	0.35270903	0.08231537
0.91693985	0.3351831	0.08328432
0.9167496	0.3549624	0.08186392
0.91519344	0.34200087	0.07830065
0.91928256	0.33590883	0.081487395
0.92135864	0.33493224	0.08281996
0.9218719	0.33031687	0.08370094
0.9098877	0.35060787	0.07915564
0.9132606	0.37363544	0.08297248
0.9208023	0.35841694	0.08117155
0.92701936	0.3421846	0.08250859
0.92871374	0.32530284	0.08491262
0.9275781	0.32248423	0.080616534
0.9283817	0.36102885	0.082814164
0.928576	0.30935413	0.082465634
0.9252096	0.30273193	0.07967616
0.93039596	0.3299308	0.08172394
0.93211025	0.31112513	0.08172795
0.9263512	0.31900197	0.08138683
0.92895895	0.32734805	0.08003265
0.92634815	0.32386002	0.08298399
0.9304562	0.34569445	0.08028407
0.92967343	0.32367483	0.08076398
0.92791516	0.32752782	0.080541976
0.9286489	0.31261066	0.0801247
0.92836225	0.30225772	0.08056795
0.92828363	0.33620518	0.079812855
0.9264447	0.11217781	0.09099894
0.92994756	0.08033733	0.0681388
0.92034465	0.07227066	0.06526198
0.9325844	0.06204599	0.060658727
0.7954826	0.070531055	0.07018427
0.90890795	0.06325044	0.061614685
0.9328318	0.06932166	0.06829165
0.06492483	0.06206934	0.053720906
0.06571568	0.05904896	0.055267666
0.06541954	0.0575115	0.054520246
0.0647857	0.06087201	0.054300036
0.4957447	0.16049057	0.07717983
0.8843786	0.31496674	0.078469284
0.759873	0.1681607	0.05945528
